2400 100 100 3 4 3 2
2400 100 100 3 4 2 3
2400 100 100 3 3 4 2
2400 100 100 3 3 2 4
2400 100 100 3 2 4 3
2400 100 100 3 2 3 4
2400 100 100 3 6 2 2
2400 100 100 3 2 6 2
2400 100 100 3 2 2 6
2400 100 100 3 6 4 1
2400 100 100 3 6 1 4
2400 100 100 3 4 6 1
2400 100 100 3 4 1 6
2400 100 100 3 1 6 4
2400 100 100 3 1 4 6
2400 100 100 3 8 3 1
2400 100 100 3 8 1 3
2400 100 100 3 3 8 1
2400 100 100 3 3 1 8
2400 100 100 3 1 8 3
2400 100 100 3 1 3 8
2400 100 100 3 12 2 1
2400 100 100 3 12 1 2
2400 100 100 3 2 12 1
2400 100 100 3 2 1 12
2400 100 100 3 1 12 2
2400 100 100 3 1 2 12
2400 100 100 3 24 1 1
2400 100 100 3 1 24 1
2400 100 100 3 1 1 24
1200 200 100 3 4 3 2
1200 200 100 3 4 2 3
1200 200 100 3 3 4 2
1200 200 100 3 3 2 4
1200 200 100 3 2 4 3
1200 200 100 3 2 3 4
1200 200 100 3 6 2 2
1200 200 100 3 2 6 2
1200 200 100 3 2 2 6
1200 200 100 3 6 4 1
1200 200 100 3 6 1 4
1200 200 100 3 4 6 1
1200 200 100 3 4 1 6
1200 200 100 3 1 6 4
1200 200 100 3 1 4 6
1200 200 100 3 8 3 1
1200 200 100 3 8 1 3
1200 200 100 3 3 8 1
1200 200 100 3 3 1 8
1200 200 100 3 1 8 3
1200 200 100 3 1 3 8
1200 200 100 3 12 2 1
1200 200 100 3 12 1 2
1200 200 100 3 2 12 1
1200 200 100 3 2 1 12
1200 200 100 3 1 12 2
1200 200 100 3 1 2 12
1200 200 100 3 24 1 1
1200 200 100 3 1 24 1
1200 200 100 3 1 1 24
800 300 100 3 4 3 2
800 300 100 3 4 2 3
800 300 100 3 3 4 2
800 300 100 3 3 2 4
800 300 100 3 2 4 3
800 300 100 3 2 3 4
800 300 100 3 6 2 2
800 300 100 3 2 6 2
800 300 100 3 2 2 6
800 300 100 3 6 4 1
800 300 100 3 6 1 4
800 300 100 3 4 6 1
800 300 100 3 4 1 6
800 300 100 3 1 6 4
800 300 100 3 1 4 6
800 300 100 3 8 3 1
800 300 100 3 8 1 3
800 300 100 3 3 8 1
800 300 100 3 3 1 8
800 300 100 3 1 8 3
800 300 100 3 1 3 8
800 300 100 3 12 2 1
800 300 100 3 12 1 2
800 300 100 3 2 12 1
800 300 100 3 2 1 12
800 300 100 3 1 12 2
800 300 100 3 1 2 12
800 300 100 3 24 1 1
800 300 100 3 1 24 1
800 300 100 3 1 1 24
2400 100 100 2 6 4 0
2400 100 100 2 4 6 0
2400 100 100 2 8 3 0
2400 100 100 2 3 8 0
2400 100 100 2 12 2 0
2400 100 100 2 2 12 0
2400 100 100 2 24 1 0
2400 100 100 2 1 24 0
1200 200 100 2 6 4 0
1200 200 100 2 4 6 0
1200 200 100 2 8 3 0
1200 200 100 2 3 8 0
1200 200 100 2 12 2 0
1200 200 100 2 2 12 0
1200 200 100 2 24 1 0
1200 200 100 2 1 24 0
800 300 100 2 6 4 0
800 300 100 2 4 6 0
800 300 100 2 8 3 0
800 300 100 2 3 8 0
800 300 100 2 12 2 0
800 300 100 2 2 12 0
800 300 100 2 24 1 0
800 300 100 2 1 24 0
2400 100 100 1 24 0 0
1200 200 100 1 24 0 0
800 300 100 1 24 0 0
